0.000000000000000000e+00 1.320000000000000000e+02
5.000099999999999684e-02 1.320366894000000002e+02
1.200029999999999986e-01 1.320879956999999933e+02
1.936049999999999993e-01 1.321419506999999953e+02
2.897080000000000211e-01 1.322123865000000080e+02
3.868109999999999604e-01 1.322836071000000118e+02
4.829630000000000312e-01 1.323541409999999985e+02
5.801159999999999650e-01 1.324253616000000022e+02
6.762679999999999803e-01 1.324957973999999865e+02
7.734220000000000539e-01 1.325670179999999903e+02
8.874569999999999403e-01 1.328454257999999868e+02
1.000491999999999937e+00 1.331213811000000078e+02
1.063497000000000137e+00 1.332000572999999974e+02
1.126001999999999947e+00 1.332781449000000009e+02
1.188957000000000042e+00 1.333566249000000141e+02
1.250912000000000024e+00 1.334338295999999957e+02
1.313816000000000095e+00 1.335123096000000089e+02
1.375721999999999889e+00 1.335895142999999905e+02
1.438676999999999984e+00 1.336678962000000013e+02
1.500631999999999966e+00 1.337451009000000113e+02
1.563895000000000035e+00 1.338601721999999938e+02
1.626154000000000099e+00 1.339733795999999870e+02
1.689064000000000121e+00 1.340879603999999858e+02
1.750974999999999948e+00 1.342006772999999953e+02
1.813935999999999993e+00 1.343152580999999941e+02
1.875896999999999926e+00 1.344279750000000035e+02
1.938857000000000053e+00 1.345424576999999999e+02
2.000817999999999763e+00 1.346552727000000118e+02
2.064084999999999948e+00 1.347904545000000098e+02
2.126348000000000127e+00 1.349234781000000112e+02
2.189262000000000263e+00 1.350580712999999946e+02
2.251177999999999901e+00 1.351905063000000098e+02
2.314141999999999921e+00 1.353250994999999932e+02
2.376108000000000331e+00 1.354575345000000084e+02
2.439071999999999907e+00 1.355921276999999918e+02
2.501036999999999733e+00 1.357246608000000094e+02
2.564295999999999687e+00 1.358151090000000067e+02
2.626551000000000080e+00 1.359040856999999960e+02
2.689456000000000291e+00 1.359939453000000071e+02
2.751364000000000143e+00 1.360824315000000126e+02
2.814320000000000377e+00 1.361722910999999954e+02
2.876276999999999973e+00 1.362607773000000009e+02
2.939182999999999879e+00 1.363506369000000120e+02
3.001090000000000035e+00 1.364391230999999891e+02
3.064346000000000014e+00 1.365039672000000053e+02
3.126597000000000293e+00 1.365677321999999947e+02
3.189550000000000107e+00 1.366321839000000011e+02
3.251503999999999728e+00 1.366955565000000092e+02
3.314407000000000103e+00 1.367600081999999873e+02
3.376311000000000284e+00 1.368234788999999978e+02
3.439264000000000099e+00 1.368879306000000042e+02
3.501217000000000024e+00 1.369513032000000123e+02
3.564369999999999816e+00 1.369912299000000075e+02
3.626520000000000188e+00 1.370304699000000141e+02
3.726548999999999889e+00 1.370935481999999865e+02
3.850585000000000147e+00 1.371718319999999949e+02
4.000627999999999851e+00 1.372664004000000091e+02
4.200698999999999295e+00 1.372947513000000015e+02
4.563829000000000136e+00 1.373461556999999971e+02
4.925957999999999615e+00 1.373973638999999878e+02
5.126029000000000835e+00 1.374257148000000086e+02
5.326167000000000762e+00 1.374685844999999915e+02
5.566332000000000058e+00 1.375199888999999871e+02
5.800493000000000343e+00 1.375702161000000103e+02
6.000631000000000270e+00 1.376130857999999932e+02
6.250631000000000270e+00 1.376413386000000116e+02
6.500631000000000270e+00 1.376694932999999992e+02
6.750680999999999266e+00 1.376883285000000114e+02
7.000732000000000177e+00 1.377070655999999929e+02
7.250782000000000060e+00 1.377259008000000051e+02
7.500831999999999944e+00 1.377446378999999865e+02
7.750881999999999827e+00 1.377634730999999988e+02
7.900911999999999935e+00 1.377747545999999943e+02
8.000932000000000599e+00 1.377822102000000086e+02
8.076131999999999422e+00 1.377877038000000027e+02
8.151332000000000022e+00 1.377930992999999944e+02
8.251301999999999026e+00 1.378072257000000036e+02
8.426251000000000602e+00 1.378318487999999888e+02
8.676176999999999140e+00 1.378670667000000094e+02
8.976087999999998956e+00 1.379093478000000061e+02
9.226013999999999271e+00 1.379445656999999983e+02
9.400962999999999070e+00 1.379692868999999860e+02
9.500933000000001627e+00 1.379833151999999927e+02
9.566141999999999257e+00 1.380025428000000147e+02
9.626333999999999946e+00 1.380202989000000002e+02
9.726340000000000430e+00 1.380565958999999907e+02
9.901348999999999734e+00 1.381201647000000037e+02
1.015136399999999917e+01 1.382108091000000059e+02
1.040137800000000112e+01 1.383015516000000105e+02
1.065139199999999953e+01 1.383922940999999867e+02
1.090140600000000148e+01 1.384830365999999913e+02
1.115142100000000092e+01 1.385736809999999934e+02
1.135143200000000085e+01 1.386462750000000028e+02
1.152644199999999941e+01 1.387097457000000134e+02
1.162644799999999989e+01 1.387460427000000038e+02
1.169134399999999907e+01 1.387775327999999888e+02
1.175124899999999961e+01 1.388065703999999982e+02
1.185123600000000010e+01 1.388526774000000046e+02
1.202621399999999952e+01 1.389333156000000145e+02
1.222618800000000050e+01 1.390254314999999963e+02
1.247615600000000136e+01 1.391406009000000097e+02
1.277611700000000106e+01 1.392787256999999954e+02
1.307607900000000001e+01 1.394169486000000120e+02
1.332604700000000086e+01 1.395321179999999970e+02
1.352602100000000007e+01 1.396242339000000072e+02
1.372599500000000106e+01 1.397163497999999890e+02
1.390097300000000047e+01 1.397969879999999989e+02
1.401623200000000047e+01 1.398929297999999903e+02
1.412648100000000007e+01 1.399846532999999908e+02
1.419137900000000130e+01 1.400357634000000076e+02
1.425128499999999931e+01 1.400828514000000098e+02
1.431623500000000071e+01 1.401339614999999981e+02
1.437618900000000011e+01 1.401810495000000003e+02
1.444108699999999956e+01 1.402320614999999862e+02
1.450099300000000113e+01 1.402792475999999908e+02
1.456625400000000070e+01 1.403105414999999994e+02
1.462649400000000099e+01 1.403393829000000039e+02
1.472665600000000019e+01 1.403873537999999996e+02
1.487689799999999885e+01 1.404593591999999944e+02
1.500109899999999996e+01 1.405188077999999905e+02
1.520122700000000115e+01 1.404817260000000090e+02
1.542637199999999886e+01 1.404400334999999984e+02
1.562650000000000006e+01 1.404029516999999885e+02
1.587670000000000137e+01 1.404336570000000108e+02
1.618895000000000195e+01 1.404719159999999931e+02
1.650120000000000076e+01 1.405102731000000063e+02
1.675140100000000132e+01 1.405409784000000002e+02
1.700130199999999903e+01 1.406025851999999929e+02
1.725120200000000281e+01 1.406641920000000141e+02
1.740114300000000114e+01 1.407011756999999932e+02
1.750110300000000052e+01 1.407257988000000068e+02
1.756631699999999796e+01 1.408071237000000053e+02
1.762651299999999921e+01 1.408822682999999927e+02
1.769146699999999939e+01 1.409633969999999863e+02
1.775142299999999906e+01 1.410382472999999948e+02
1.781632499999999908e+01 1.411193759999999884e+02
1.787623400000000018e+01 1.411942262999999969e+02
1.794118700000000288e+01 1.412753549999999905e+02
1.800114400000000003e+01 1.413502052999999989e+02
1.810114400000000145e+01 1.413190094999999928e+02
1.825114500000000106e+01 1.412723139000000003e+02
1.840114600000000067e+01 1.412256183000000078e+02
1.850114600000000209e+01 1.411945206000000042e+02
1.856642599999999987e+01 1.410380510999999899e+02
1.862668400000000091e+01 1.408936478999999906e+02
1.869165100000000024e+01 1.407375708000000145e+02
1.875162100000000009e+01 1.405935599999999965e+02
1.881658900000000045e+01 1.404375809999999944e+02
1.887655900000000031e+01 1.402935702000000049e+02
1.894152600000000319e+01 1.401374931000000004e+02
1.900149599999999950e+01 1.399934823000000108e+02
1.907669599999999832e+01 1.399702326000000028e+02
1.915189700000000173e+01 1.399469828999999947e+02
1.927683800000000147e+01 1.399306001999999864e+02
1.947674400000000006e+01 1.399045055999999931e+02
1.967665000000000219e+01 1.398783128999999974e+02
1.982658000000000342e+01 1.398586928999999941e+02
1.992653299999999916e+01 1.398456456000000117e+02
2.000149799999999800e+01 1.398358355999999958e+02
2.006670799999999844e+01 1.397785451999999964e+02
2.012690299999999866e+01 1.397256692999999927e+02
2.019185299999999827e+01 1.396685750999999982e+02
2.025180800000000048e+01 1.396157972999999970e+02
2.031670599999999993e+01 1.395587031000000025e+02
2.037661300000000253e+01 1.395059253000000012e+02
2.044156299999999860e+01 1.394487330000000043e+02
2.050151800000000080e+01 1.393959552000000031e+02
2.056672700000000020e+01 1.394307807000000139e+02
2.062691999999999837e+01 1.394628594000000135e+02
2.072681399999999741e+01 1.395165201000000081e+02
2.084668799999999678e+01 1.395807756000000097e+02
2.100152500000000089e+01 1.396638662999999951e+02
2.120138899999999893e+01 1.396982012999999938e+02
2.145121800000000079e+01 1.397411691000000076e+02
2.166107500000000030e+01 1.397772698999999932e+02
2.186093799999999732e+01 1.398116048999999919e+02
2.206080199999999891e+01 1.398459398999999905e+02
2.217072699999999941e+01 1.398648732000000052e+02
2.223072699999999813e+01 1.398648732000000052e+02
2.227072699999999728e+01 1.398648732000000052e+02
2.227072699999999728e+01 1.398648732000000052e+02
2.232088999999999857e+01 1.399819065000000080e+02
2.237205600000000061e+01 1.401011961000000099e+02
2.242195699999999903e+01 1.401407303999999954e+02
2.247185900000000203e+01 1.401801666000000068e+02
2.252181099999999958e+01 1.402197008999999923e+02
2.257176199999999966e+01 1.402592352000000062e+02
2.262166399999999911e+01 1.402987694999999917e+02
2.267156499999999753e+01 1.403383038000000056e+02
2.274170699999999812e+01 1.402902348000000075e+02
2.282186899999999952e+01 1.402352988000000096e+02
2.292207099999999897e+01 1.401667269000000147e+02
2.304697499999999977e+01 1.400808893999999896e+02
2.317187799999999953e+01 1.399951499999999953e+02
2.329683099999999740e+01 1.399094106000000011e+02
2.342178399999999883e+01 1.398235731000000044e+02
2.354668699999999859e+01 1.397378337000000101e+02
2.367159000000000191e+01 1.396519962000000135e+02
2.379683999999999955e+01 1.396151106000000084e+02
2.392209100000000177e+01 1.395781269000000009e+02
2.404699199999999948e+01 1.395414375000000007e+02
2.417189199999999971e+01 1.395046499999999980e+02
2.429684299999999908e+01 1.394678624999999954e+02
2.442179299999999742e+01 1.394311730999999952e+02
2.454669399999999868e+01 1.393943855999999926e+02
2.467159399999999891e+01 1.393575980999999899e+02
2.479684799999999711e+01 1.394556981000000064e+02
2.492210199999999887e+01 1.395537980999999945e+02
2.504705600000000132e+01 1.396518981000000110e+02
2.517200999999999667e+01 1.397498999999999967e+02
2.529691399999999746e+01 1.398479019000000108e+02
2.542181799999999825e+01 1.399460018999999988e+02
2.554677199999999715e+01 1.400440038000000129e+02
2.567172599999999960e+01 1.401421038000000010e+02
2.579692899999999867e+01 1.402280394000000001e+02
2.592213199999999773e+01 1.403140731000000017e+02
2.604708600000000018e+01 1.403999105999999983e+02
2.617203899999999805e+01 1.404856499999999926e+02
2.629694199999999782e+01 1.405713893999999868e+02
2.642184500000000114e+01 1.406572269000000119e+02
2.654679799999999901e+01 1.407429663000000062e+02
2.667175100000000043e+01 1.408288038000000029e+02
2.679700499999999863e+01 1.407307038000000148e+02
2.692225899999999683e+01 1.406327019000000007e+02
2.704716300000000118e+01 1.405346019000000126e+02
2.717206699999999842e+01 1.404365999999999985e+02
2.729702100000000087e+01 1.403385981000000129e+02
2.742197499999999977e+01 1.402404980999999964e+02
2.754687900000000056e+01 1.401424962000000107e+02
2.767178299999999780e+01 1.400443961999999942e+02
2.779703400000000002e+01 1.400934461999999883e+02
2.792228499999999869e+01 1.401423981000000083e+02
2.804718599999999640e+01 1.401913499999999999e+02
2.817208700000000121e+01 1.402403999999999940e+02
2.829703800000000058e+01 1.402894499999999880e+02
2.842198899999999639e+01 1.403384019000000080e+02
2.854688999999999766e+01 1.403874519000000021e+02
2.867179099999999892e+01 1.404365018999999961e+02
2.879704199999999759e+01 1.404856499999999926e+02
2.892229299999999625e+01 1.405347980999999891e+02
2.904719400000000107e+01 1.405837500000000091e+02
2.917209500000000233e+01 1.406328000000000031e+02
2.929704599999999814e+01 1.406818499999999972e+02
2.942199700000000107e+01 1.407308018999999888e+02
2.954689800000000233e+01 1.407798519000000113e+02
2.967179900000000004e+01 1.408289019000000053e+02
2.979705299999999824e+01 1.409270999999999958e+02
2.992230699999999999e+01 1.410252980999999863e+02
3.004726099999999889e+01 1.411233981000000028e+02
3.017221500000000134e+01 1.412213999999999885e+02
3.029711899999999858e+01 1.413194019000000026e+02
3.042202299999999937e+01 1.414175018999999907e+02
3.054697699999999827e+01 1.415155038000000047e+02
3.067193099999999717e+01 1.416136037999999928e+02
3.079713399999999979e+01 1.415277662999999961e+02
3.092233699999999885e+01 1.414420269000000019e+02
3.104729000000000028e+01 1.413561894000000052e+02
3.117224299999999815e+01 1.412704500000000110e+02
3.129714600000000146e+01 1.411847105999999883e+02
3.142204899999999768e+01 1.410988730999999916e+02
3.154700199999999910e+01 1.410131336999999974e+02
3.167195499999999697e+01 1.409272962000000007e+02
3.179720499999999817e+01 1.409517231000000095e+02
3.192245599999999683e+01 1.409761499999999899e+02
3.212239899999999437e+01 1.410153899999999965e+02
3.237232800000000310e+01 1.410644399999999905e+02
3.262225699999999762e+01 1.411134900000000130e+02
3.297215799999999319e+01 1.411821600000000103e+02
3.322208700000000192e+01 1.412312100000000044e+02
3.347201600000000354e+01 1.412802599999999984e+02
3.367195900000000108e+01 1.413194019000000026e+02
3.379720999999999975e+01 1.413685499999999990e+02
3.392246099999999842e+01 1.414176980999999955e+02
3.404736199999999968e+01 1.414666499999999871e+02
3.417226300000000094e+01 1.415157000000000096e+02
3.429721399999999676e+01 1.415647500000000036e+02
3.442216499999999968e+01 1.416137018999999952e+02
3.454706600000000094e+01 1.416627518999999893e+02
3.467196699999999510e+01 1.417118019000000118e+02
3.479721899999999835e+01 1.416504893999999979e+02
3.492247000000000412e+01 1.415891769000000124e+02
3.504737200000000286e+01 1.415279625000000010e+02
3.517227300000000412e+01 1.414666499999999871e+02
3.529722499999999741e+01 1.414053375000000017e+02
3.542217699999999780e+01 1.413441230999999902e+02
3.554707799999999907e+01 1.412828106000000048e+02
3.567197999999999780e+01 1.412215961999999934e+02
3.579723099999999647e+01 1.412705481000000134e+02
3.592248199999999514e+01 1.413195981000000074e+02
3.604738300000000351e+01 1.413685499999999990e+02
3.617228399999999766e+01 1.414175999999999931e+02
3.629723500000000058e+01 1.414666499999999871e+02
3.642218600000000350e+01 1.415156019000000072e+02
3.654708699999999766e+01 1.415646519000000012e+02
3.667198799999999892e+01 1.416137018999999952e+02
3.679723800000000011e+01 1.416383250000000089e+02
3.692248799999999420e+01 1.416628499999999917e+02
3.704738799999999799e+01 1.416873750000000030e+02
3.717228899999999925e+01 1.417119000000000142e+02
3.729721399999999676e+01 1.417364249999999970e+02
3.742213899999999427e+01 1.417609500000000082e+02
3.754706399999999888e+01 1.417854749999999910e+02
3.767199000000000098e+01 1.418099018999999998e+02
3.779724499999999665e+01 1.416995393999999919e+02
3.792249999999999943e+01 1.415891769000000124e+02
3.804745499999999936e+01 1.414788144000000045e+02
3.817241000000000639e+01 1.413685499999999990e+02
3.829731500000000466e+01 1.412582855999999936e+02
3.842222000000000293e+01 1.411479231000000141e+02
3.854717500000000285e+01 1.410376587000000086e+02
3.867212999999999568e+01 1.409273943000000031e+02
3.879733199999999727e+01 1.409886086999999861e+02
3.892253299999999427e+01 1.410498230999999976e+02
3.904748500000000178e+01 1.411110375000000090e+02
3.917243600000000470e+01 1.411723499999999945e+02
3.929733800000000343e+01 1.412336625000000083e+02
3.942223999999999506e+01 1.412948768999999913e+02
3.954719099999999798e+01 1.413561894000000052e+02
3.967214299999999838e+01 1.414174037999999882e+02
3.979734499999999997e+01 1.413439269000000138e+02
3.992254700000000156e+01 1.412703519000000085e+02
4.004749899999999485e+01 1.411968750000000057e+02
4.017245199999999983e+01 1.411233000000000004e+02
4.029735399999999856e+01 1.410497249999999951e+02
4.042225599999999730e+01 1.409762480999999923e+02
4.054720799999999770e+01 1.409026731000000154e+02
4.067216100000000267e+01 1.408291962000000126e+02
4.079741700000000293e+01 1.407063750000000084e+02
4.092267299999999608e+01 1.405835538000000042e+02
4.104757899999999893e+01 1.404610269000000073e+02
4.117248599999999925e+01 1.403385000000000105e+02
4.129744199999999665e+01 1.402159731000000136e+02
4.142239800000000116e+01 1.400933481000000143e+02
4.154730400000000401e+01 1.399708211999999889e+02
4.167221099999999723e+01 1.398482942999999921e+02
4.179746399999999795e+01 1.397622605999999905e+02
4.192271700000000578e+01 1.396762268999999890e+02
4.204766999999999655e+01 1.395903893999999923e+02
4.217262300000000153e+01 1.395046499999999980e+02
4.229752599999999774e+01 1.394189106000000038e+02
4.242242900000000105e+01 1.393330731000000071e+02
4.254738199999999892e+01 1.392473337000000129e+02
4.267233499999999680e+01 1.391614961999999878e+02
4.279753600000000091e+01 1.391246106000000111e+02
4.292273600000000044e+01 1.390876269000000036e+02
4.304768699999999626e+01 1.390509375000000034e+02
4.317263700000000171e+01 1.390141500000000008e+02
4.329753800000000297e+01 1.389773624999999981e+02
4.342243799999999254e+01 1.389405749999999955e+02
4.354738899999999546e+01 1.389038855999999953e+02
4.367233999999999838e+01 1.388670980999999927e+02
4.387240399999999596e+01 1.388945660999999916e+02
4.407246800000000064e+01 1.389220340999999905e+02
4.427253199999999822e+01 1.389495020999999895e+02
4.452261199999999519e+01 1.389838370999999881e+02
4.472267699999999735e+01 1.390113050999999871e+02
4.492274099999999493e+01 1.390387731000000144e+02
4.504769100000000037e+01 1.390754625000000146e+02
4.517264200000000329e+01 1.391122499999999889e+02
4.529754299999999745e+01 1.391490374999999915e+02
4.542244300000000123e+01 1.391858249999999941e+02
4.554739399999999705e+01 1.392225143999999943e+02
4.567234399999999539e+01 1.392593018999999970e+02
4.579760199999999770e+01 1.393942874999999901e+02
4.592285899999999543e+01 1.395293712000000141e+02
4.604776700000000034e+01 1.396641606000000024e+02
4.617267400000000066e+01 1.397989499999999907e+02
4.629763200000000012e+01 1.399337394000000074e+02
4.642258999999999958e+01 1.400685287999999957e+02
4.654749699999999990e+01 1.402033182000000124e+02
4.667240499999999770e+01 1.403382057000000032e+02
4.679765499999999889e+01 1.403628287999999884e+02
4.692290500000000009e+01 1.403875500000000045e+02
4.704785499999999843e+01 1.404120749999999873e+02
4.717280599999999424e+01 1.404365999999999985e+02
4.729770599999999803e+01 1.404611250000000098e+02
4.742260600000000181e+01 1.404856499999999926e+02
4.754750599999999139e+01 1.405101750000000038e+02
4.767240699999999975e+01 1.405346019000000126e+02
4.779765700000000095e+01 1.405714874999999893e+02
4.792290799999999251e+01 1.406083730999999943e+02
4.804785799999999796e+01 1.406450624999999945e+02
4.817280899999999377e+01 1.406818499999999972e+02
4.829771000000000214e+01 1.407186374999999998e+02
4.842260999999999882e+01 1.407554250000000025e+02
4.854756100000000174e+01 1.407921144000000027e+02
4.867251100000000008e+01 1.408289019000000053e+02
4.879771099999999251e+01 1.408535249999999905e+02
4.892291199999999662e+01 1.408780500000000018e+02
4.904786199999999496e+01 1.409025750000000130e+02
4.917281200000000041e+01 1.409270999999999958e+02
4.929773699999999081e+01 1.409516250000000070e+02
4.942266300000000001e+01 1.409761499999999899e+02
4.954758800000000463e+01 1.410006750000000011e+02
4.967251300000000214e+01 1.410251019000000099e+02
4.979771700000000578e+01 1.411233000000000004e+02
4.992292100000000232e+01 1.412214980999999909e+02
5.004787499999999767e+01 1.413195981000000074e+02
5.017282900000000012e+01 1.414175999999999931e+02
5.029773300000000091e+01 1.415156019000000072e+02
5.042263700000000171e+01 1.416137018999999952e+02
5.054759099999999705e+01 1.417117038000000093e+02
5.067254499999999950e+01 1.418098037999999974e+02
5.079774700000000109e+01 1.418834769000000051e+02
5.092295000000000016e+01 1.419572481000000153e+02
5.104790200000000056e+01 1.420307249999999897e+02
5.117285400000000095e+01 1.421042999999999950e+02
5.129780599999999424e+01 1.421778750000000002e+02
5.142275899999999922e+01 1.422513519000000031e+02
5.154766099999999796e+01 1.423249269000000083e+02
5.167256299999999669e+01 1.423984038000000112e+02
5.179781399999999536e+01 1.423617144000000110e+02
5.192306399999999655e+01 1.423249269000000083e+02
5.204796499999999781e+01 1.422882375000000081e+02
5.217286499999999450e+01 1.422514500000000055e+02
5.229781599999999742e+01 1.422146625000000029e+02
5.242276700000000034e+01 1.421778750000000002e+02
5.254766700000000412e+01 1.421411856000000000e+02
5.267256799999999828e+01 1.421043980999999974e+02
5.279781799999999947e+01 1.421166605999999888e+02
5.292306800000000067e+01 1.421288250000000062e+02
5.312301099999999821e+01 1.421260781999999949e+02
5.337293899999999525e+01 1.421225465999999926e+02
5.367285400000000095e+01 1.421183283000000017e+02
5.397276799999999497e+01 1.421141100000000108e+02
5.432266800000000018e+01 1.421092050000000029e+02
5.467256799999999828e+01 1.421042999999999950e+02
5.502258700000000147e+01 1.421272553999999957e+02
5.537260499999999297e+01 1.421501126999999940e+02
5.572262399999999616e+01 1.421729699999999923e+02
5.607264299999999935e+01 1.421959253999999930e+02
5.642266199999999543e+01 1.422187826999999913e+02
5.677268000000000114e+01 1.422416399999999896e+02
5.712269899999999723e+01 1.422645953999999904e+02
5.747271800000000042e+01 1.422874526999999887e+02
5.782273700000000360e+01 1.423103099999999870e+02
5.817275499999999511e+01 1.423332653999999877e+02
5.842276900000000239e+01 1.423495499999999936e+02
5.868292600000000192e+01 1.422602789999999970e+02
5.892307199999999767e+01 1.421777768999999978e+02
5.904797299999999893e+01 1.421165624999999864e+02
5.917287499999999767e+01 1.420552500000000009e+02
5.929782600000000059e+01 1.419939374999999870e+02
5.942277800000000099e+01 1.419327231000000040e+02
5.954767999999999972e+01 1.418713124999999877e+02
5.967258100000000098e+01 1.418100000000000023e+02
5.979783199999999965e+01 1.417732124999999996e+02
5.992308200000000085e+01 1.417364249999999970e+02
6.004798300000000211e+01 1.416996374999999944e+02
6.017288299999999879e+01 1.416628499999999917e+02
6.029783400000000171e+01 1.416260624999999891e+02
6.042278400000000005e+01 1.415892749999999864e+02
6.054768499999999420e+01 1.415525855999999862e+02
6.067258599999999547e+01 1.415157981000000120e+02
6.079783599999999666e+01 1.415525855999999862e+02
6.092308700000000243e+01 1.415893730999999889e+02
6.104798699999999911e+01 1.416260624999999891e+02
6.117288800000000037e+01 1.416628499999999917e+02
6.129783799999999871e+01 1.416996374999999944e+02
6.142278899999999453e+01 1.417364249999999970e+02
6.154769000000000290e+01 1.417731143999999972e+02
6.167258999999999958e+01 1.418099018999999998e+02
6.179784099999999825e+01 1.417731143999999972e+02
6.192309099999999944e+01 1.417363268999999946e+02
6.204799200000000070e+01 1.416996374999999944e+02
6.217289199999999738e+01 1.416628499999999917e+02
6.229784300000000030e+01 1.416260624999999891e+02
6.242279299999999864e+01 1.415892749999999864e+02
6.254769399999999280e+01 1.415525855999999862e+02
6.267259500000000116e+01 1.415157981000000120e+02
6.279784599999999983e+01 1.414666499999999871e+02
6.292309699999999850e+01 1.414175018999999907e+02
6.304799799999999976e+01 1.413685499999999990e+02
6.317289900000000102e+01 1.413195000000000050e+02
6.329784999999999684e+01 1.412704500000000110e+02
6.342280099999999976e+01 1.412214980999999909e+02
6.354770200000000102e+01 1.411724480999999969e+02
6.367260299999999518e+01 1.411233981000000028e+02
6.379785299999999637e+01 1.410865124999999978e+02
6.392310400000000215e+01 1.410496268999999927e+02
6.412306399999999940e+01 1.410006750000000011e+02
6.437301499999999521e+01 1.409393624999999872e+02
6.467295599999999922e+01 1.408657875000000104e+02
6.497289700000000323e+01 1.407922125000000051e+02
6.522284799999999905e+01 1.407308999999999912e+02
6.542280800000000340e+01 1.406818499999999972e+02
6.554775899999998501e+01 1.406573250000000144e+02
6.567270899999999756e+01 1.406328981000000056e+02
6.579790900000000420e+01 1.406696856000000082e+02
6.592310999999999410e+01 1.407064731000000108e+02
6.604806100000000413e+01 1.407431625000000111e+02
6.617301100000000247e+01 1.407799499999999853e+02
6.629791199999999662e+01 1.408167374999999879e+02
6.642281200000000752e+01 1.408535249999999905e+02
6.654776300000000333e+01 1.408902143999999907e+02
6.667271299999998746e+01 1.409270018999999934e+02
6.687272099999998431e+01 1.409234702999999911e+02
6.712272999999999001e+01 1.409189576999999929e+02
6.737273899999999571e+01 1.409145431999999971e+02
6.762274799999998720e+01 1.409101287000000013e+02
6.792275899999998501e+01 1.409047332000000097e+02
6.822276999999998282e+01 1.408994357999999920e+02
6.852278099999999483e+01 1.408941384000000028e+02
6.882279200000000685e+01 1.408887429000000111e+02
6.912280300000000466e+01 1.408834454999999934e+02
6.942281299999999078e+01 1.408780500000000018e+02
6.967284399999999778e+01 1.409025750000000130e+02
6.997288000000000352e+01 1.409320050000000037e+02
7.027291599999999505e+01 1.409614349999999945e+02
7.057295199999998658e+01 1.409908649999999852e+02
7.087298799999999233e+01 1.410202950000000044e+02
7.117302399999999807e+01 1.410498230999999976e+02
7.147306000000000381e+01 1.410792530999999883e+02
7.172309099999999660e+01 1.411037780999999995e+02
7.192311499999999569e+01 1.411233981000000028e+02
7.204806599999999150e+01 1.411723499999999945e+02
7.217301699999998732e+01 1.412213999999999885e+02
7.229791800000000990e+01 1.412704500000000110e+02
7.242281899999998984e+01 1.413194019000000026e+02
7.254776999999998566e+01 1.413684518999999966e+02
7.267272099999999568e+01 1.414175018999999907e+02
7.279792100000000232e+01 1.413929769000000078e+02
7.292312099999999475e+01 1.413685499999999990e+02
7.312312099999999759e+01 1.413423573000000033e+02
7.337312200000000928e+01 1.413096899999999891e+02
7.367312200000000644e+01 1.412704500000000110e+02
7.397312200000000360e+01 1.412312100000000044e+02
7.427312200000000075e+01 1.411919699999999978e+02
7.457312299999999539e+01 1.411527299999999912e+02
7.487312299999999254e+01 1.411134900000000130e+02
7.517312299999998970e+01 1.410742500000000064e+02
7.547312299999998686e+01 1.410350099999999998e+02
7.572312399999999855e+01 1.410022446000000116e+02
7.592312400000000139e+01 1.409761499999999899e+02
7.604807399999999973e+01 1.409516250000000070e+02
7.617302399999999807e+01 1.409270999999999958e+02
7.637300700000000120e+01 1.409336726999999883e+02
7.662298400000000242e+01 1.409418149999999912e+02
7.692295799999999417e+01 1.409516250000000070e+02
7.722293100000000265e+01 1.409614349999999945e+02
7.752290400000001114e+01 1.409712450000000104e+02
7.782287800000000288e+01 1.409810549999999978e+02
7.812285099999999716e+01 1.409908649999999852e+02
7.842282399999999143e+01 1.410006750000000011e+02
7.867297500000000809e+01 1.410497249999999951e+02
7.892312499999999886e+01 1.410988730999999916e+02
7.905307399999999518e+01 1.411370339999999999e+02
7.917302700000000470e+01 1.411723499999999945e+02
7.929792700000000139e+01 1.412091374999999971e+02
7.942282800000000975e+01 1.412459249999999997e+02
7.954777799999999388e+01 1.412826143999999999e+02
7.967272899999998970e+01 1.413194019000000026e+02
7.979792900000001055e+01 1.413562875000000076e+02
7.992313000000000045e+01 1.413931731000000127e+02
8.004808100000001048e+01 1.414298625000000129e+02
8.017303099999999461e+01 1.414666499999999871e+02
8.029793200000000297e+01 1.415034374999999898e+02
8.042283199999999965e+01 1.415402249999999924e+02
8.054778299999999547e+01 1.415769143999999926e+02
8.067273300000000802e+01 1.416137018999999952e+02
8.079793400000001213e+01 1.416383250000000089e+02
8.092313399999999035e+01 1.416628499999999917e+02
8.104808400000000290e+01 1.416873750000000030e+02
8.117303400000000124e+01 1.417119000000000142e+02
8.129793499999999540e+01 1.417364249999999970e+02
8.142283499999999208e+01 1.417609500000000082e+02
8.154778500000000463e+01 1.417854749999999910e+02
8.167273500000000297e+01 1.418099018999999998e+02
8.187274299999999982e+01 1.418188289999999938e+02
8.212275200000000552e+01 1.418300123999999869e+02
8.242276300000000333e+01 1.418434521000000075e+02
8.272277400000000114e+01 1.418567936999999972e+02
8.307278599999999358e+01 1.418723916000000145e+02
8.337279699999999139e+01 1.418858313000000066e+02
8.367280799999998919e+01 1.418991728999999964e+02
8.397281899999998700e+01 1.419126125999999886e+02
8.422282800000000691e+01 1.419236979000000076e+02
8.442283599999998955e+01 1.419326250000000016e+02
8.462286799999999687e+01 1.419463590000000011e+02
8.487290799999999535e+01 1.419635265000000004e+02
8.512294800000000805e+01 1.419806939999999997e+02
8.542299599999999771e+01 1.420013931000000014e+02
8.572304399999998736e+01 1.420219941000000006e+02
8.597308400000000006e+01 1.420391615999999999e+02
8.622312399999999855e+01 1.420563290999999992e+02
8.647316399999998282e+01 1.420734965999999986e+02
8.672320399999999552e+01 1.420906640999999979e+02
8.692323600000000283e+01 1.421043980999999974e+02
8.704814000000000362e+01 1.422024981000000139e+02
8.717304399999999021e+01 1.423004999999999995e+02
8.729799799999999266e+01 1.423985019000000136e+02
8.742295199999999511e+01 1.424966019000000017e+02
8.754785599999999590e+01 1.425946038000000158e+02
8.767276000000001090e+01 1.426927038000000039e+02
8.779801100000000247e+01 1.426560144000000037e+02
8.792326099999999656e+01 1.426192269000000010e+02
8.804816199999999071e+01 1.425825375000000008e+02
8.817306200000000160e+01 1.425457499999999982e+02
8.829801299999999742e+01 1.425089624999999955e+02
8.842296399999999323e+01 1.424721749999999929e+02
8.854786400000000413e+01 1.424354855999999927e+02
8.867276499999999828e+01 1.423986980999999901e+02
8.879802499999999554e+01 1.422390894000000117e+02
8.892328599999999028e+01 1.420795788000000073e+02
8.904824600000000601e+01 1.419202644000000078e+02
8.917320699999999078e+01 1.417609500000000082e+02
8.929811700000000485e+01 1.416016356000000087e+02
8.942302800000000218e+01 1.414423212000000092e+02
8.954798900000000117e+01 1.412830068000000097e+02
8.967294899999998847e+01 1.411236924000000101e+02
8.987295000000000300e+01 1.411628342999999859e+02
9.007294999999999163e+01 1.412020742999999925e+02
9.027294999999999447e+01 1.412412161999999967e+02
9.047295099999999479e+01 1.412804562000000033e+02
9.067295099999999763e+01 1.413195981000000074e+02
9.092298999999999864e+01 1.412705481000000134e+02
9.122303699999999083e+01 1.412116881000000035e+02
9.152308399999999722e+01 1.411528280999999936e+02
9.182313000000000613e+01 1.410939681000000121e+02
9.212317699999999832e+01 1.410351081000000022e+02
9.247323200000001009e+01 1.409664381000000049e+02
9.282328599999999597e+01 1.408977681000000075e+02
9.312333300000000236e+01 1.408389080999999976e+02
9.342338000000000875e+01 1.407800480999999877e+02
9.372342599999998924e+01 1.407211881000000062e+02
9.392345799999999656e+01 1.406820462000000020e+02
9.404842800000000125e+01 1.409026731000000154e+02
9.417339800000000594e+01 1.411233000000000004e+02
9.429830400000000168e+01 1.412458268999999973e+02
9.442321099999999490e+01 1.413684518999999966e+02
9.454816700000000651e+01 1.414909787999999935e+02
9.467312299999998970e+01 1.416135056999999904e+02
9.479832300000001055e+01 1.416382269000000065e+02
9.492352400000000046e+01 1.416628499999999917e+02
9.512347800000000575e+01 1.416909066000000053e+02
9.542341000000000406e+01 1.417328933999999947e+02
9.577333000000000141e+01 1.417819433999999887e+02
9.612325100000001044e+01 1.418309934000000112e+02
9.642318199999999706e+01 1.418730783000000031e+02
9.667312499999999886e+01 1.419080999999999904e+02
9.687300599999998951e+01 1.419277199999999937e+02
9.707288599999999690e+01 1.419473399999999970e+02
9.727276600000000428e+01 1.419669600000000003e+02
9.747264599999999746e+01 1.419865800000000036e+02
9.767252600000000484e+01 1.420062000000000069e+02
9.787270800000000293e+01 1.422385007999999971e+02
9.807289099999999848e+01 1.424708015999999873e+02
9.827307300000001078e+01 1.427031024000000059e+02
9.847325599999999213e+01 1.429354031999999961e+02
9.862339199999999551e+01 1.431096287999999959e+02
9.882343899999999337e+01 1.431172806000000151e+02
9.912350800000000106e+01 1.431285621000000106e+02
9.942357700000000875e+01 1.431399417000000085e+02
9.972364599999998802e+01 1.431513213000000064e+02
9.992369300000000010e+01 1.431589730999999972e+02
1.000485929999999968e+02 1.431956624999999974e+02
1.001734940000000051e+02 1.432324500000000000e+02
1.002984440000000035e+02 1.432692375000000027e+02
1.004233949999999993e+02 1.433060250000000053e+02
1.005482949999999960e+02 1.433427144000000055e+02
1.006731959999999901e+02 1.433795019000000082e+02
1.007984459999999984e+02 1.434041249999999934e+02
1.009236959999999925e+02 1.434286500000000046e+02
1.010486470000000025e+02 1.434531749999999874e+02
1.011735970000000009e+02 1.434776999999999987e+02
1.012984969999999976e+02 1.435022250000000099e+02
1.014233969999999943e+02 1.435267499999999927e+02
1.015482979999999884e+02 1.435512750000000040e+02
1.016731979999999993e+02 1.435757019000000128e+02
1.017984480000000076e+02 1.435880625000000066e+02
1.019236980000000017e+02 1.436003249999999980e+02
1.021236410000000063e+02 1.436199450000000013e+02
1.023735699999999866e+02 1.436444700000000125e+02
1.026484909999999928e+02 1.436714474999999993e+02
1.028984200000000016e+02 1.436959725000000105e+02
1.031483489999999961e+02 1.437204974999999934e+02
1.033982770000000073e+02 1.437450225000000046e+02
1.035732270000000028e+02 1.437621900000000039e+02
1.036731989999999968e+02 1.437719999999999914e+02
1.037434489999999983e+02 1.437719999999999914e+02
1.038136989999999997e+02 1.437719999999999914e+02
1.039136870000000101e+02 1.437719999999999914e+02
1.040736680000000121e+02 1.437719999999999914e+02
1.042316490000000044e+02 1.437719999999999914e+02
1.043312139999999886e+02 1.438070217000000071e+02
1.043859740000000045e+02 1.438262493000000006e+02
1.044258000000000095e+02 1.438401795000000050e+02
