2.500049999999999883e+01
8.500199999999999534e+01
1.568040000000000020e+02
2.416564999999999941e+02
3.382595000000000027e+02
4.348870000000000005e+02
5.315394999999999754e+02
6.281920000000000073e+02
7.248450000000000273e+02
8.304394999999999527e+02
9.439745000000000346e+02
1.031994500000000016e+03
1.094749499999999898e+03
1.157479499999999916e+03
1.219934500000000071e+03
1.282364000000000033e+03
1.344769000000000005e+03
1.407199499999999944e+03
1.469654500000000098e+03
1.532263500000000022e+03
1.595024499999999989e+03
1.657608999999999924e+03
1.720019499999999880e+03
1.782455500000000029e+03
1.844916499999999814e+03
1.907376999999999953e+03
1.969837500000000091e+03
2.032451500000000124e+03
2.095216499999999996e+03
2.157805000000000291e+03
2.220220000000000255e+03
2.282659999999999854e+03
2.345125000000000000e+03
2.407590000000000146e+03
2.470054500000000189e+03
2.532666499999999814e+03
2.595423499999999876e+03
2.658003499999999804e+03
2.720409999999999854e+03
2.782842000000000098e+03
2.845298499999999876e+03
2.907730000000000018e+03
2.970136500000000069e+03
3.032717999999999847e+03
3.095471500000000106e+03
3.158073500000000422e+03
3.220527000000000044e+03
3.282955500000000029e+03
3.345359000000000378e+03
3.407787500000000364e+03
3.470240499999999884e+03
3.532793499999999767e+03
3.595444999999999709e+03
3.676534499999999753e+03
3.788567000000000007e+03
3.925606499999999869e+03
4.100663499999999658e+03
4.382263999999999214e+03
4.744893500000000131e+03
5.025993500000000495e+03
5.226097999999999956e+03
5.446249499999999898e+03
5.683412500000000364e+03
5.900561999999999898e+03
6.125631000000000313e+03
6.375631000000000313e+03
6.625655999999999949e+03
6.875706500000000233e+03
7.125756999999999607e+03
7.375807000000000698e+03
7.625856999999999971e+03
7.825896999999999935e+03
7.950922000000000480e+03
8.038531999999999243e+03
8.113731999999999971e+03
8.201316999999999098e+03
8.338776499999999942e+03
8.551213999999999942e+03
8.826132499999999709e+03
9.101050999999999476e+03
9.313488499999999476e+03
9.450948000000000320e+03
9.533537500000000364e+03
9.596238000000001193e+03
9.676336999999999534e+03
9.813844499999999243e+03
1.002635649999999987e+04
1.027637099999999919e+04
1.052638500000000022e+04
1.077639900000000125e+04
1.102641350000000057e+04
1.125142650000000140e+04
1.143893699999999990e+04
1.157644499999999971e+04
1.165889600000000064e+04
1.172129650000000038e+04
1.180124250000000029e+04
1.193872500000000036e+04
1.212620100000000093e+04
1.235117200000000048e+04
1.262613650000000052e+04
1.292609799999999996e+04
1.320106300000000010e+04
1.342603399999999965e+04
1.362600800000000163e+04
1.381348400000000038e+04
1.395860250000000087e+04
1.407135649999999987e+04
1.415893000000000029e+04
1.422133200000000033e+04
1.428376000000000022e+04
1.434621199999999953e+04
1.440863799999999901e+04
1.447104000000000087e+04
1.453362350000000151e+04
1.459637399999999980e+04
1.467657500000000073e+04
1.480177700000000004e+04
1.493899849999999969e+04
1.510116300000000047e+04
1.531379950000000099e+04
1.552643599999999969e+04
1.575160000000000036e+04
1.603282500000000073e+04
1.634507500000000073e+04
1.662630050000000119e+04
1.687635150000000067e+04
1.712625200000000041e+04
1.732617250000000058e+04
1.745112299999999959e+04
1.753370999999999913e+04
1.759641500000000087e+04
1.765898999999999796e+04
1.772144499999999971e+04
1.778387399999999980e+04
1.784627950000000055e+04
1.790871050000000105e+04
1.797116550000000279e+04
1.805114400000000023e+04
1.817614450000000215e+04
1.832614549999999872e+04
1.845114600000000064e+04
1.853378600000000006e+04
1.859655500000000029e+04
1.865916750000000320e+04
1.872163599999999860e+04
1.878410499999999956e+04
1.884657400000000052e+04
1.890904250000000320e+04
1.897151099999999860e+04
1.903909599999999773e+04
1.911429650000000038e+04
1.921436750000000029e+04
1.937679099999999744e+04
1.957669700000000012e+04
1.975161500000000160e+04
1.987655649999999878e+04
1.996401550000000134e+04
2.003410299999999916e+04
2.009680549999999857e+04
2.015937799999999697e+04
2.022183050000000003e+04
2.028425699999999779e+04
2.034665950000000157e+04
2.040908799999999974e+04
2.047154049999999916e+04
2.053412249999999767e+04
2.059682349999999860e+04
2.067686699999999837e+04
2.078675099999999657e+04
2.092410650000000169e+04
2.110145700000000215e+04
2.132630350000000180e+04
2.155614650000000256e+04
2.176100649999999951e+04
2.196086999999999898e+04
2.211576449999999750e+04
2.220072699999999895e+04
2.225072699999999895e+04
2.227580849999999919e+04
2.232647299999999814e+04
2.237700649999999951e+04
2.242690799999999945e+04
2.247683499999999913e+04
2.252678649999999834e+04
2.257671299999999974e+04
2.262661449999999968e+04
2.268663599999999860e+04
2.276178800000000047e+04
2.285196999999999753e+04
2.296452299999999741e+04
2.308942649999999776e+04
2.321435449999999764e+04
2.333930749999999898e+04
2.346423549999999886e+04
2.358913850000000093e+04
2.371421500000000015e+04
2.383946549999999843e+04
2.396454149999999936e+04
2.408944199999999910e+04
2.421436750000000029e+04
2.433931799999999930e+04
2.446424349999999686e+04
2.458914400000000023e+04
2.471422099999999773e+04
2.483947499999999854e+04
2.496457899999999790e+04
2.508953299999999945e+04
2.521446199999999953e+04
2.533936599999999817e+04
2.546429499999999825e+04
2.558924899999999980e+04
2.571432749999999942e+04
2.583953050000000076e+04
2.596460900000000038e+04
2.608956250000000000e+04
2.621449049999999988e+04
2.633939349999999831e+04
2.646432149999999820e+04
2.658927449999999953e+04
2.671437799999999697e+04
2.683963199999999779e+04
2.696471099999999933e+04
2.708961499999999796e+04
2.721454399999999805e+04
2.733949799999999959e+04
2.746442699999999968e+04
2.758933099999999831e+04
2.771440849999999773e+04
2.783965949999999793e+04
2.796473549999999886e+04
2.808963650000000052e+04
2.821456250000000000e+04
2.833951350000000093e+04
2.846443950000000041e+04
2.858934049999999843e+04
2.871441649999999936e+04
2.883966749999999956e+04
2.896474349999999686e+04
2.908964449999999852e+04
2.921457050000000163e+04
2.933952149999999892e+04
2.946444749999999840e+04
2.958934850000000006e+04
2.971442599999999948e+04
2.983968000000000029e+04
2.996478399999999965e+04
3.008973799999999756e+04
3.021466700000000128e+04
3.033957099999999991e+04
3.046450000000000000e+04
3.058945399999999790e+04
3.071453249999999753e+04
3.083973549999999886e+04
3.096481350000000020e+04
3.108976649999999790e+04
3.121469449999999779e+04
3.133959749999999985e+04
3.146452549999999974e+04
3.158947849999999744e+04
3.171457999999999811e+04
3.183983049999999639e+04
3.200242749999999796e+04
3.222736349999999948e+04
3.247729249999999956e+04
3.277720750000000407e+04
3.307712249999999767e+04
3.332705150000000140e+04
3.355198750000000291e+04
3.371458449999999721e+04
3.383983550000000105e+04
3.396491150000000198e+04
3.408981250000000000e+04
3.421473849999999948e+04
3.433968950000000041e+04
3.446461549999999988e+04
3.458951649999999790e+04
3.471459300000000076e+04
3.483984449999999924e+04
3.496492100000000210e+04
3.508982249999999476e+04
3.521474899999999616e+04
3.533970100000000093e+04
3.546462750000000233e+04
3.558952899999999499e+04
3.571460549999999785e+04
3.583985649999999441e+04
3.596493249999999534e+04
3.608983350000000064e+04
3.621475950000000012e+04
3.633971050000000105e+04
3.646463650000000052e+04
3.658953749999999854e+04
3.671461299999999756e+04
3.683986299999999756e+04
3.696493799999999464e+04
3.708983849999999802e+04
3.721475149999999849e+04
3.733967650000000140e+04
3.746460149999999703e+04
3.758952700000000186e+04
3.771461750000000029e+04
3.783987249999999767e+04
3.796497749999999360e+04
3.808993249999999534e+04
3.821486250000000291e+04
3.833976750000000175e+04
3.846469749999999476e+04
3.858965249999999651e+04
3.871473099999999977e+04
3.883993249999999534e+04
3.896500899999999820e+04
3.908996050000000105e+04
3.921488700000000244e+04
3.933978899999999703e+04
3.946471549999999843e+04
3.958966700000000128e+04
3.971474399999999878e+04
3.983994599999999627e+04
3.996502300000000105e+04
4.008997550000000047e+04
4.021490299999999843e+04
4.033980500000000029e+04
4.046473199999999633e+04
4.058968450000000303e+04
4.071478899999999703e+04
4.084004499999999825e+04
4.096512599999999657e+04
4.109003250000000116e+04
4.121496399999999994e+04
4.133991999999999825e+04
4.146485099999999511e+04
4.158975749999999971e+04
4.171483750000000146e+04
4.184009049999999843e+04
4.196519350000000122e+04
4.209014650000000256e+04
4.221507450000000244e+04
4.233997750000000087e+04
4.246490550000000076e+04
4.258985850000000210e+04
4.271493549999999959e+04
4.284013599999999860e+04
4.296521149999999761e+04
4.309016199999999662e+04
4.321508750000000146e+04
4.333998799999999756e+04
4.346491349999999511e+04
4.358986449999999604e+04
4.375237200000000303e+04
4.395243600000000151e+04
4.415250000000000000e+04
4.437757200000000012e+04
4.460264449999999488e+04
4.480270900000000256e+04
4.496521600000000035e+04
4.509016649999999936e+04
4.521509249999999884e+04
4.533999300000000221e+04
4.546491849999999977e+04
4.558986899999999878e+04
4.571497299999999814e+04
4.584023049999999785e+04
4.596531300000000192e+04
4.609022049999999581e+04
4.621515299999999843e+04
4.634011099999999715e+04
4.646504349999999977e+04
4.658995100000000093e+04
4.671502999999999884e+04
4.684027999999999884e+04
4.696537999999999738e+04
4.709033049999999639e+04
4.721525600000000122e+04
4.734015600000000268e+04
4.746505599999999686e+04
4.758995650000000023e+04
4.771503199999999924e+04
4.784028250000000116e+04
4.796538300000000163e+04
4.809033350000000064e+04
4.821525950000000012e+04
4.834016000000000349e+04
4.846508550000000105e+04
4.859003600000000006e+04
4.871511099999999715e+04
4.884031149999999616e+04
4.896538700000000244e+04
4.909033699999999953e+04
4.921527449999999953e+04
4.934019999999999709e+04
4.946512550000000192e+04
4.959005049999999756e+04
4.971511499999999796e+04
4.984031900000000314e+04
4.996539800000000105e+04
5.009035199999999895e+04
5.021528100000000268e+04
5.034018499999999767e+04
5.046511400000000140e+04
5.059006799999999930e+04
5.071514600000000064e+04
5.084034850000000006e+04
5.096542599999999948e+04
5.109037799999999697e+04
5.121533000000000175e+04
5.134028250000000116e+04
5.146520999999999913e+04
5.159011200000000099e+04
5.171518849999999657e+04
5.184043899999999849e+04
5.196551449999999750e+04
5.209041500000000087e+04
5.221534049999999843e+04
5.234029149999999936e+04
5.246521699999999691e+04
5.259011750000000029e+04
5.271519299999999930e+04
5.284044299999999930e+04
5.300303949999999895e+04
5.322797499999999854e+04
5.350289650000000256e+04
5.380281100000000151e+04
5.412771800000000076e+04
5.447761800000000221e+04
5.482757749999999942e+04
5.517759599999999773e+04
5.552761449999999604e+04
5.587763349999999627e+04
5.622765249999999651e+04
5.657767100000000210e+04
5.692768950000000041e+04
5.727770850000000064e+04
5.762772750000000087e+04
5.797774599999999919e+04
5.827776200000000244e+04
5.853284750000000349e+04
5.878299899999999616e+04
5.896552249999999913e+04
5.909042399999999907e+04
5.921535050000000047e+04
5.934030199999999604e+04
5.946522899999999936e+04
5.959013049999999930e+04
5.971520650000000023e+04
5.984045700000000215e+04
5.996553250000000116e+04
6.009043300000000454e+04
6.021535850000000210e+04
6.034030900000000111e+04
6.046523449999999866e+04
6.059013549999999668e+04
6.071521099999999569e+04
6.084046149999999761e+04
6.096553699999999662e+04
6.109043750000000000e+04
6.121536299999999756e+04
6.134031349999999657e+04
6.146523949999999604e+04
6.159013999999999942e+04
6.171521549999999843e+04
6.184046600000000035e+04
6.196554149999999936e+04
6.209044199999999546e+04
6.221536750000000029e+04
6.234031799999999930e+04
6.246524349999999686e+04
6.259014449999999488e+04
6.271522049999999581e+04
6.284047149999999965e+04
6.296554750000000058e+04
6.309044849999999860e+04
6.321537449999999808e+04
6.334032549999999901e+04
6.346525149999999849e+04
6.359015249999999651e+04
6.371522799999999552e+04
6.384047849999999744e+04
6.400308400000000256e+04
6.422803949999999895e+04
6.450298549999999523e+04
6.480292650000000140e+04
6.507787249999999767e+04
6.530282799999999406e+04
6.546528349999999773e+04
6.559023399999999674e+04
6.571530900000000838e+04
6.584050950000000012e+04
6.596558550000000105e+04
6.609053599999999278e+04
6.621546150000000489e+04
6.634036199999999371e+04
6.646528750000000582e+04
6.659023799999999756e+04
6.675271700000000419e+04
6.697772550000000047e+04
6.722773449999999139e+04
6.747774349999999686e+04
6.775275349999999162e+04
6.805276449999999022e+04
6.835277549999998882e+04
6.865278650000000198e+04
6.895279750000000058e+04
6.925280800000000454e+04
6.952782850000000326e+04
6.980286199999999371e+04
7.010289800000000105e+04
7.040293399999999383e+04
7.070297000000000116e+04
7.100300599999999395e+04
7.130304200000000128e+04
7.157807550000000629e+04
7.180310300000000279e+04
7.196559049999999115e+04
7.209054149999999208e+04
7.221546749999999884e+04
7.234036849999999686e+04
7.246529449999998906e+04
7.259024549999998999e+04
7.271532099999999627e+04
7.284052100000000792e+04
7.300312099999999919e+04
7.322812149999999383e+04
7.350312200000000303e+04
7.380312200000000303e+04
7.410312200000000303e+04
7.440312249999999767e+04
7.470312299999999232e+04
7.500312299999999232e+04
7.530312299999999232e+04
7.557812350000000151e+04
7.580312399999999616e+04
7.596559900000000198e+04
7.609054899999999907e+04
7.625301549999999406e+04
7.647799549999998999e+04
7.675297099999999045e+04
7.705294449999999779e+04
7.735291749999999593e+04
7.765289100000000326e+04
7.795286449999999604e+04
7.825283749999999418e+04
7.852789949999999953e+04
7.877805000000000291e+04
7.896809949999999662e+04
7.909305049999999756e+04
7.921547699999999895e+04
7.934037750000000233e+04
7.946530299999999988e+04
7.959025349999999162e+04
7.971532899999999790e+04
7.984052950000000419e+04
7.996560550000000512e+04
8.009055599999999686e+04
8.021548149999999441e+04
8.034038199999999779e+04
8.046530749999999534e+04
8.059025800000000163e+04
8.071533350000000792e+04
8.084053399999999965e+04
8.096560899999999674e+04
8.109055900000000838e+04
8.121548449999999139e+04
8.134038499999999476e+04
8.146530999999999767e+04
8.159025999999999476e+04
8.175273900000000140e+04
8.197774749999999767e+04
8.225275750000000698e+04
8.255276850000000559e+04
8.287777999999999884e+04
8.320279149999999208e+04
8.350280249999999069e+04
8.380281349999998929e+04
8.407782349999999860e+04
8.430283199999999488e+04
8.450285199999999895e+04
8.472788800000000629e+04
8.497792799999999988e+04
8.525297199999999430e+04
8.555302000000000407e+04
8.582806399999999849e+04
8.607810399999999208e+04
8.632814400000000023e+04
8.657818399999999383e+04
8.680322000000000116e+04
8.696568799999999464e+04
8.709059200000000419e+04
8.721552100000000792e+04
8.734047500000000582e+04
8.746540399999999499e+04
8.759030800000000454e+04
8.771538550000000396e+04
8.784063599999999860e+04
8.796571149999999034e+04
8.809061200000000827e+04
8.821553749999999127e+04
8.834048849999999220e+04
8.846541400000000431e+04
8.859031449999999313e+04
8.871539500000000407e+04
8.884065549999999348e+04
8.896576599999998871e+04
8.909072650000000431e+04
8.921566199999999662e+04
8.934057249999999476e+04
8.946550850000001083e+04
8.959046899999999732e+04
8.975294950000000244e+04
8.995294999999999709e+04
9.015294999999999709e+04
9.035295049999999173e+04
9.055295100000000093e+04
9.077797050000001036e+04
9.105301350000000093e+04
9.135306050000000687e+04
9.165310700000000361e+04
9.195315350000000035e+04
9.227820450000000710e+04
9.262825900000000547e+04
9.295330949999998847e+04
9.325335650000000896e+04
9.355340300000000570e+04
9.380344199999999546e+04
9.396594299999999930e+04
9.409091300000000047e+04
9.421585100000000966e+04
9.434075749999999243e+04
9.446568899999999849e+04
9.459064500000000407e+04
9.471572299999999814e+04
9.484092350000000442e+04
9.500350100000000384e+04
9.525344400000000314e+04
9.557837000000000990e+04
9.592829050000000279e+04
9.625321649999999499e+04
9.652815350000000035e+04
9.675306549999999697e+04
9.695294599999999627e+04
9.715282600000000093e+04
9.735270599999999104e+04
9.755258599999999569e+04
9.775261699999999837e+04
9.795279950000000827e+04
9.815298200000000361e+04
9.835316449999999895e+04
9.852832399999999325e+04
9.870341549999998824e+04
9.895347350000000733e+04
9.925354249999999593e+04
9.955361149999999907e+04
9.980366950000000361e+04
9.996614299999999639e+04
1.000910434999999998e+05
1.002159689999999973e+05
1.003409195000000036e+05
1.004658450000000012e+05
1.005907455000000045e+05
1.007158209999999963e+05
1.008410709999999963e+05
1.009661714999999967e+05
1.010911219999999885e+05
1.012160470000000059e+05
1.013409470000000001e+05
1.014658474999999889e+05
1.015907480000000069e+05
1.017158230000000040e+05
1.018410730000000040e+05
1.020036695000000036e+05
1.022286054999999906e+05
1.024910304999999935e+05
1.027534554999999964e+05
1.030033845000000001e+05
1.032533130000000092e+05
1.034657519999999931e+05
1.036032130000000034e+05
1.036883239999999932e+05
1.037585739999999932e+05
1.038436929999999993e+05
1.039736775000000052e+05
1.041326585000000050e+05
1.042614314999999915e+05
1.043385939999999973e+05
1.043858870000000024e+05
