1 41.09623 19.00801 2068.5
2 40.92414 19.61044 1891
3 40.85221 20.20151 1792.5
4 40.85836 20.77500 1656.9
5 40.97399 21.33337 1553.7
6 41.14673 21.87567 1492.2
7 41.46354 22.39859 1387.8
8 41.87211 22.90259 1310.2
9 42.35194 23.38505 1241.4
10 42.97701 23.84363 1191.8
11 43.62626 24.28598 1118.9
12 44.35643 24.70633 1055.4
13 45.17526 25.10553 1000.6
14 46.11666 25.47443 965.96
15 46.97166 25.82975 921.03
16 48.21918 26.12828 917.46
17 49.16143 26.45022 879.02
18 50.13206 26.75356 844.41
19 51.14013 27.03641 813.46
20 52.18268 27.30060 785.79
21 53.25639 27.54632 761.04
22 54.35775 27.77368 738.82
