1 41.2377 17.22386 2583.8
2 40.86226 17.80516 2377.6
3 40.637 18.37803 2200.3
4 40.48351 18.94325 2112.5
5 40.37277 19.49592 1969.9
6 40.35053 20.03739 1864.3
7 40.38399 20.56647 1792.5
8 40.45192 21.08222 1697
9 40.60117 21.58378 1590.1
10 40.80977 22.07104 1513.5
11 41.05745 22.54248 1434.6
12 41.43662 22.99997 1363.8
13 41.87716 23.43415 1325.3
14 42.23418 23.85895 1250.3
15 42.69483 24.26768 1185
16 43.20728 24.66080 1127.2
17 43.7879 25.03786 1076.8
18 44.47567 25.38571 1050.2
19 45.09481 25.73108 1008
20 45.72099 26.05984 969.67
21 46.56768 26.35184 958.41
22 47.46587 26.63022 949.02
