1 41.48761 21.04145 1628.6
2 41.61871 21.65287 1481.7
3 41.83006 22.24481 1389.5
4 42.22228 22.81180 1283.4
5 42.83139 23.35554 1196.8
6 43.48746 23.87527 1149.3
7 44.41157 24.36175 1095.5
8 45.43374 24.82112 1018.9
9 46.59542 25.25125 954
10 47.86975 25.64430 907.88
11 49.3105 26.00469 872.14
12 50.81277 26.33985 840.79
13 52.22105 26.66103 800.65
14 53.69096 26.95361 765.77
15 55.21193 27.21936 735.34
16 56.7752 27.46336 708.58
17 58.37993 27.68463 684.97
18 60.0709 27.88905 664.78
19 61.75479 28.06688 646.09
20 63.46675 28.22380 629.18
21 65.19729 28.36589 613.62
22 66.94885 28.48941 599.3
