1 40.25468 7.729245 1203.7
2 40.26074 8.891373 1181.4
3 40.33105 4.957206 1228.5
4 40.37265 4.957213 1223.2
5 40.33015 4.988920 1237.2
6 40.36735 4.988920 1237.1
7 40.52628 6.930598 1576.9
8 40.54256 7.770537 1552.8
9 40.59382 4.960713 1631.9
10 40.63452 4.960715 1626.4
11 40.59085 4.990730 1643
12 40.63122 4.990730 1641.3
13 41.02182 6.349440 2071
14 41.03249 6.955614 2044.6
15 41.09657 4.961868 2131.2
16 41.13384 4.961869 2125.1
17 41.0955 4.991791 2143.5
18 41.13309 4.991791 2141.5
19 40.04332 9.054601 982.3
20 40.06724 10.82767 951.21
21 40.09132 4.931979 1010.9
22 40.12592 4.932034 1003.3
23 40.0835 4.980714 1017.4
24 40.11883 4.980714 1015
25 39.88752 8.026824 1320.4
26 39.89946 9.365511 1289.5
27 39.94143 4.943553 1376
28 39.97581 4.943566 1378.3
29 39.93622 4.984763 1389.4
30 39.9695 4.984763 1386.9
31 40.12008 7.236153 1737.4
32 40.1261 8.246186 1704.9
33 40.18244 4.948238 1786.4
34 40.21583 4.948241 1778.8
35 40.17886 4.986991 1791.9
36 40.21273 4.986991 1792.4
37 40.46396 10.47224 777.27
38 40.56331 12.91711 746.01
39 40.40844 4.898492 845.26
40 40.45661 4.898750 836.88
41 40.38111 4.971243 856.71
42 40.41719 4.971243 854.52
43 39.72237 9.262625 1121.2
44 39.7336 11.17481 1079.8
45 39.76909 4.922394 1179.2
46 39.80117 4.922467 1171.1
47 39.76423 4.977698 1177.8
48 39.79495 4.977698 1174.6
49 39.66969 8.286477 1502.4
50 39.68004 9.778055 1475.2
51 39.72877 4.933496 1573.7
52 39.75763 4.933516 1563.6
53 39.72304 4.981613 1579.2
54 39.75252 4.981613 1575.8
55 41.60857 11.90016 644.37
56 41.75774 15.03893 611.42
57 41.3376 4.851853 717.37
58 41.41753 4.852736 709.42
59 41.25825 4.960072 734.8
60 41.30047 4.960072 732.83
61 39.8858 10.57164 912.73
62 39.93849 13.10348 868.77
63 39.88529 4.896083 1007.5
64 39.9236 4.896364 996.31
65 39.8649 4.969918 1021.8
66 39.89661 4.969918 1018.8
67 39.49731 9.441868 1313.1
68 39.4956 11.47211 1260
69 39.54594 4.916049 1418
70 39.5742 4.916138 1404.6
71 39.53823 4.975592 1396.2
72 39.56577 4.975592 1391.9
73 43.27428 13.26012 543.72
74 43.63174 17.09103 514.36
75 42.74231 4.789642 610.8
76 42.85901 4.792013 603.01
77 42.59717 4.944816 627.7
78 42.64795 4.944816 625.78
79 40.51966 11.88843 788.04
80 40.65591 15.05873 745.84
81 40.33075 4.863703 862.95
82 40.39011 4.864554 852.36
83 40.28501 4.961565 886.11
84 40.32097 4.961565 883.51
85 39.50419 10.65612 1100.2
86 39.52412 13.26060 1042.4
87 39.523 4.895249 1207.7
88 39.55373 4.895549 1204.3
89 39.51926 4.969102 1235.9
90 39.5474 4.969102 1231.9
91 45.66823 14.48272 494.03
92 46.17899 18.98966 465.34
93 44.88408 4.683196 558.7
94 45.04744 4.688608 550.79
95 44.65769 4.918508 575.74
96 44.72006 4.918509 573.77
97 41.36237 13.19610 656.33
98 41.60337 17.00222 618.02
99 41.09576 4.822956 745.56
100 41.18683 4.825073 735.72
101 40.99379 4.952414 767.15
102 41.03661 4.952415 764.75
103 39.75166 11.88837 935.26
104 39.86311 15.07596 905.74
105 39.7022 4.868260 1044.6
106 39.74543 4.869086 1030.3
107 39.68184 4.960551 1075.2
108 39.713 4.960551 1071.7
109 47.92406 15.64514 433.17
110 48.6033 20.79249 405.99
111 46.83782 4.561677 493.93
112 47.05391 4.572355 485.82
113 46.51872 4.880774 511.33
114 46.59468 4.880774 509.27
115 42.70206 14.41612 582.89
116 43.06269 18.84545 547.51
117 42.15906 4.769574 663.09
118 42.27802 4.774080 653.41
119 42.00684 4.938921 684.01
120 42.05626 4.938921 681.63
121 40.2877 13.10557 823.61
122 40.44511 16.89118 772.76
123 40.19667 4.836150 942.29
124 40.22758 4.838047 928.08
125 40.086 4.953631 969.7
126 40.12157 4.953631 966.54
127 50.56232 16.67494 393.05
128 51.43392 22.43218 368.08
129 49.12985 4.412100 448.12
130 49.40633 4.431215 439.75
131 48.70557 4.831966 466.05
132 48.7974 4.831965 463.89
133 44.55745 15.50609 555.06
134 45.01997 20.53882 519.92
135 43.42332 4.697427 593.96
136 43.57861 4.706021 584.29
137 43.20709 4.917821 614.76
138 43.26559 4.917821 612.35
139 40.92787 14.29890 708.84
140 41.16568 18.66632 662.21
141 40.66226 4.809277 816.81
142 40.75397 4.813180 804.6
143 40.55753 4.947850 843.58
144 40.59908 4.947850 840.63
145 53.44286 17.57115 367.23
146 54.49657 23.90097 343.36
147 51.68252 4.232798 417.57
148 52.02564 4.264394 408.86
149 51.14404 4.771814 436.23
150 51.25476 4.771811 433.93
151 46.1073 16.59472 497.57
152 46.69649 22.19944 463.76
153 45.1902 4.591936 572.31
154 45.38668 4.607070 562.4
155 44.90158 4.889494 593.47
156 44.97089 4.889496 590.98
157 41.94985 15.40903 648.75
158 42.28102 20.33668 605.83
159 41.3475 4.771102 725.98
160 41.46104 4.778279 714.07
161 41.20239 4.937631 751.69
162 41.24926 4.937631 748.77
163 56.50158 18.35500 349.03
164 57.7377 25.23355 325.32
165 54.43326 4.028668 396.77
166 54.84924 4.077756 387.64
167 53.76889 4.700221 416.3
168 53.89979 4.700221 413.83
169 47.78593 17.58510 452.01
170 48.49741 23.72849 419.84
171 46.65589 4.491951 523.01
172 46.89514 4.516430 512.88
173 46.29149 4.854121 544.57
174 46.37212 4.854121 541.98
175 42.98195 16.47202 589.08
176 43.51719 21.91875 560.81
177 42.35434 4.717839 678.89
178 42.49649 4.730069 667.04
179 42.1589 4.921921 704.28
180 42.21294 4.921921 701.35
181 59.64453 19.03413 334.66
182 61.07067 26.42716 310.64
183 57.27902 3.800827 381.07
184 57.77266 3.873080 371.42
185 56.48127 4.615790 401.59
186 56.63415 4.615796 398.93
187 49.7117 18.47554 421.51
188 50.57141 25.13568 391.95
189 48.32077 4.378859 485.79
190 48.60829 4.416246 475.44
191 47.87145 4.812057 507.82
192 47.96527 4.812055 505.12
193 44.53075 17.39811 584.75
194 45.01803 23.38360 543.08
195 43.48915 4.644002 648.93
196 43.66172 4.663567 636.95
197 43.24003 4.900811 674.45
198 43.302 4.900811 671.45
199 40.13375 17.22786 1180.7
200 40.1567 18.40002 1159.4
201 40.19593 14.96055 1218.8
202 40.23754 14.96055 1213.7
203 40.19396 14.98985 1214.1
204 40.2306 14.98985 1212.3
205 40.39418 16.57186 1547.8
206 40.41166 17.41873 1524.4
207 40.44483 14.96396 1589.6
208 40.48546 14.96396 1584.3
209 40.44166 14.99160 1598
210 40.48161 14.99160 1596.3
211 40.87175 16.09305 2035.1
212 40.88315 16.70461 2009.5
213 40.92612 14.96505 2080.8
214 40.96319 14.96505 2075
215 40.92493 14.99261 2090.1
216 40.96225 14.99261 2088.1
217 39.98198 18.31474 958.94
218 40.00806 20.10840 928.61
219 40.02036 14.93648 981.65
220 40.0577 14.93653 975.95
221 40.01711 14.98206 978.45
222 40.0524 14.98206 976.14
223 39.7935 17.47278 1292.1
224 39.80695 18.82694 1271.6
225 39.83363 14.94774 1337.5
226 39.86715 14.94775 1334.9
227 39.82909 14.98595 1342.7
228 39.86214 14.98595 1340.2
229 40 16.82259 1735.4
230 40.00742 17.84411 1703.8
231 40.04924 14.95237 1745.9
232 40.08235 14.95238 1738.5
233 40.04574 14.98811 1747.8
234 40.07931 14.98811 1751.4
235 40.47111 19.47384 763.9
236 40.56566 21.94492 731.48
237 40.40549 14.90304 813.26
238 40.4551 14.90329 805.25
239 40.38313 14.97230 826.63
240 40.41945 14.97230 824.54
241 39.65749 18.48914 1091.9
242 39.67069 20.42649 1061.5
243 39.69736 14.92754 1157.7
244 39.72816 14.92761 1147.6
245 39.69651 14.97925 1172.6
246 39.72719 14.97925 1169.4
247 39.57983 17.68802 1467.8
248 39.5935 19.20017 1455
249 39.6234 14.93839 1520.5
250 39.6521 14.93841 1510.6
251 39.61886 14.98301 1522.2
252 39.64807 14.98301 1518.9
253 41.59909 20.62973 622.67
254 41.81 23.80033 592
255 41.4178 14.85997 678.65
256 41.50062 14.86085 671.18
257 41.34621 14.96280 691.43
258 41.38902 14.96280 689.57
259 39.87393 19.56167 894.99
260 39.94836 22.12176 861.62
261 39.84541 14.90161 960.67
262 39.88491 14.90188 949.91
263 39.83394 14.97141 978.28
264 39.86583 14.97141 975.46
265 39.42604 18.64085 1277.1
266 39.42591 20.69988 1238
267 39.48006 14.92173 1359.6
268 39.50601 14.92182 1346.4
269 39.48179 14.97730 1378.3
270 39.5091 14.97730 1374
271 43.4052 21.70857 527.46
272 43.75025 25.57631 499.01
273 42.95106 14.79599 577.38
274 43.0697 14.79836 570.05
275 42.82735 14.94679 589.75
276 42.87857 14.94679 587.93
277 40.52454 20.63859 760.9
278 40.66934 23.84432 720.28
279 40.35255 14.86611 832.55
280 40.46981 14.86698 823.98
281 40.34335 14.96307 850.52
282 40.37583 14.96307 847.97
283 39.45757 19.64186 1065.8
284 39.48139 22.27954 1009.6
285 39.48761 14.90181 1158.6
286 39.51827 14.90211 1144.3
287 39.47187 14.97121 1180.7
288 39.50012 14.97121 1176.8
289 45.84146 22.65487 479.6
290 46.35639 27.19728 451.96
291 45.17976 14.68908 527.88
292 45.34533 14.69447 520.44
293 44.98939 14.91982 540.32
294 45.05231 14.91982 538.46
295 41.42217 21.69253 633.85
296 41.67163 25.54058 597.24
297 41.20684 14.83137 700.96
298 41.23842 14.83331 690.34
299 41.11592 14.95536 716.59
300 41.15924 14.95536 714.34
301 39.76683 20.64629 928.14
302 39.87871 23.88007 875.13
303 39.69486 14.87655 995.33
304 39.73982 14.87737 981.8
305 39.67448 14.96374 1018.4
306 39.70591 14.96374 1015.1
307 48.15213 23.54353 421.15
308 48.83462 28.71723 395.05
309 47.24729 14.56622 466.24
310 47.46456 14.57688 458.6
311 46.9829 14.88199 478.94
312 47.05925 14.88199 477
313 42.81668 22.66012 564.81
314 43.22747 27.13278 531.74
315 42.36959 14.77550 624.53
316 42.4906 14.78001 615.46
317 42.23984 14.94096 639.74
318 42.28978 14.94096 637.5
319 40.30074 21.64290 793.24
320 40.4669 25.47462 744.33
321 40.08976 14.84618 879.21
322 40.22566 14.84813 869.01
323 40.08213 14.95746 901.7
324 40.11105 14.95747 898.53
325 50.85 24.30748 383.76
326 51.72129 30.08370 359.74
327 49.66768 14.41454 424.14
328 49.94418 14.43363 416.25
329 49.32024 14.83365 437.23
330 49.41232 14.83365 435.19
331 44.69821 23.50629 538.49
332 45.16271 28.57114 504.52
333 44.01999 14.68862 587.66
334 44.1766 14.69727 578.49
335 43.83959 14.91924 602.92
336 43.89866 14.91924 600.64
337 40.98041 22.60620 683.32
338 41.22705 27.02139 638.94
339 40.76189 14.81803 764.23
340 40.85712 14.82195 752.92
341 40.66852 14.95119 783.48
342 40.71077 14.95119 780.73
343 53.77493 24.94928 359.59
344 54.81946 31.28908 336.34
345 52.33773 14.23254 396.76
346 52.67939 14.26409 388.52
347 51.90064 14.77435 410.4
348 52.01109 14.77435 408.22
349 46.28395 24.35489 482.96
350 46.821 29.98323 449.38
351 45.52251 14.59539 538.9
352 45.72026 14.61055 529.59
353 45.28285 14.89070 554.29
354 45.35253 14.89070 551.94
355 42.04371 23.48918 627.97
356 42.38121 28.45371 587.03
357 41.53298 14.77682 681.05
358 41.64842 14.78403 669.94
359 41.40942 14.94005 699.65
360 41.45675 14.94005 696.92
361 56.86561 25.49036 342.23
362 58.09571 32.37252 318.99
363 55.19019 14.02519 377.84
364 55.60288 14.07418 369.19
365 54.65512 14.70382 392.12
366 54.78543 14.70382 389.78
367 47.99492 25.11059 439.48
368 48.71048 31.27244 408.71
369 47.06066 14.49316 492.1
370 47.30031 14.51772 482.58
371 46.76083 14.85554 507.75
372 46.84172 14.85554 505.31
373 43.10753 24.31845 576.71
374 43.79181 29.79279 556.79
375 42.58128 14.72013 638.38
376 42.74553 14.73267 627.73
377 42.41679 14.92352 656.78
378 42.47134 14.92352 654.03
379 60.03969 25.93644 328.39
380 61.45415 33.32336 304.69
381 58.12924 13.79262 363.29
382 58.61837 13.86478 354.12
383 57.4907 14.62053 378.31
384 57.6426 14.62053 375.78
385 49.96413 25.77384 411.65
386 50.82255 32.44532 383.11
387 48.81787 14.37565 458.61
388 49.10482 14.41318 448.87
389 48.45167 14.81400 474.61
390 48.54555 14.81400 472.06
391 44.66255 25.04660 567.43
392 45.14861 31.05855 527
393 44.04628 14.63242 635.72
394 44.21931 14.65218 624.38
395 43.84047 14.90226 654.42
396 43.90274 14.90226 651.58
397 42.93006 30.31248 1975.9
398 43.00115 39.74148 1933.4
399 43.15262 6.076800 2061.8
400 43.27167 6.489863 2043.9
401 43.15058 4.990908 2103.4
402 43.26248 4.990910 2098.5
403 41.79222 28.24207 2442.8
404 41.79533 36.90837 2394.5
405 42.11971 5.695977 2543.8
406 42.22019 5.964948 2524.7
407 42.13231 4.992600 2587.7
408 42.23813 4.992601 2582.4
409 41.52036 26.33544 2980.1
410 41.49358 34.29796 2925.2
411 41.89294 5.447135 3096.9
412 41.98501 5.622135 3076.5
413 41.92682 4.993307 3143.4
414 42.02896 4.993307 3137.6
415 44.00108 31.05329 1688.3
416 44.18282 40.85688 1641.7
417 44.00305 6.218666 1778.7
418 44.13714 6.705136 1758.5
419 43.94524 4.978885 1825
420 44.04786 4.978889 1819.6
421 41.91098 29.02497 2111.1
422 41.95419 38.07879 2058.2
423 42.12469 5.801163 2218.3
424 42.21898 6.123185 2196.9
425 42.12271 4.984616 2267.3
426 42.21193 4.984617 2261.5
427 41.18213 27.13749 2592.7
428 41.17346 35.48948 2532.7
429 41.48536 5.520918 2718.2
430 41.56813 5.734163 2695.2
431 41.50188 4.987177 2770.3
432 41.58816 4.987177 2764
433 45.61938 31.72134 1468.4
434 45.9503 41.86938 1419.1
435 45.37139 6.360880 1561.2
436 45.55521 6.926661 1539.3
437 45.21021 4.963240 1611
438 45.31737 4.963250 1605.1
439 42.49372 29.75778 1859
440 42.49154 39.17908 1823
441 42.51165 5.913778 1967.9
442 42.61111 6.294125 1944.6
443 42.47834 4.975237 2020.7
444 42.56082 4.975239 2014.5
445 41.17695 27.90160 2299
446 41.16457 36.62872 2296.8
447 41.40499 5.604429 2428.4
448 41.48033 5.860406 2403.6
449 41.40802 4.980711 2484.5
450 41.48201 4.980711 2477.8
451 47.5717 32.31662 1340.3
452 47.84057 42.78930 1334.6
453 47.17387 6.499550 1401
454 47.38932 7.149603 1382.8
455 46.89283 4.942864 1449.4
456 46.99597 4.942893 1446.9
457 43.21422 30.44074 1690.7
458 43.43648 40.20499 1631
459 43.10827 6.032041 1804.7
460 43.23704 6.475730 1779.1
461 43.02135 4.964053 1861.8
462 43.12232 4.964062 1855.3
463 41.32875 28.62744 2112.5
464 41.34957 37.70952 2063.5
465 41.47903 5.696196 2247.7
466 41.54422 5.999121 2219.8
467 41.49613 4.973508 2282.5
468 41.56431 4.973509 2274.9
469 49.8825 32.83760 1275.9
470 50.62701 43.59471 1222.1
471 49.05054 6.630897 1342.1
472 49.35816 7.370433 1315.5
473 48.86018 4.915523 1344.7
474 48.96022 4.915532 1342.9
475 44.24785 31.06811 1575.9
476 44.56526 41.15010 1527.9
477 44.11035 6.151651 1638.4
478 44.26093 6.663944 1631
479 43.94695 4.950619 1695.7
480 44.03713 4.950630 1691.4
481 41.74214 29.30957 1923.1
482 41.79137 38.72981 1905.4
483 41.77366 5.792959 2051.8
484 41.86414 6.147420 2021.9
485 41.74241 4.965003 2107.8
486 41.80165 4.965005 2108.4
487 52.80239 33.26788 1156
488 53.81615 44.28840 1114.8
489 51.55149 6.745524 1246.9
490 51.97941 7.579458 1220.2
491 50.93128 4.878129 1302.9
492 51.13445 4.878355 1294.5
493 45.77683 31.62844 1475
494 46.27006 42.00090 1408.1
495 45.21731 6.270394 1555.4
496 45.44244 6.855506 1525.2
497 44.99227 4.933651 1595
498 45.07972 4.933662 1593.2
499 42.36835 29.94795 1791.5
500 42.58186 39.68304 1733.9
501 42.2445 5.894585 1899.7
502 42.32619 6.304496 1866
503 42.24203 4.955436 1954.1
504 42.32243 4.955442 1945.8
505 56.23257 33.60444 1097.8
506 57.40168 44.87931 1046.1
507 54.44724 6.839707 1158.1
508 54.9846 7.771832 1131.2
509 53.56221 4.829176 1207.3
510 53.7525 4.829244 1199.4
511 47.56732 32.12678 1341.1
512 48.24735 42.76706 1277.7
513 46.76581 6.381757 1458.6
514 47.05747 7.044217 1427.7
515 46.36399 4.910439 1517.9
516 46.48158 4.910456 1509.5
517 43.20864 30.53826 1667.6
518 43.55503 40.56693 1613.6
519 42.96318 5.999774 1785
520 43.12839 6.469788 1757.7
521 42.79732 4.944288 1846.4
522 42.87633 4.944295 1839.1
523 59.54154 33.88816 1018.7
524 60.95944 45.39750 968.63
525 57.65755 6.907708 1101.6
526 58.30584 7.942915 1074.2
527 56.6188 4.767156 1161.8
528 56.84152 4.767266 1153.6
529 49.59748 32.56062 1247.6
530 50.40811 43.45560 1185.8
531 48.51353 6.487662 1344.3
532 48.8897 7.231341 1314
533 47.96658 4.881839 1412.5
534 48.1035 4.881868 1403.9
535 44.32219 31.07698 1560.1
536 44.75786 41.38065 1481.2
537 43.81452 6.104544 1668.4
538 44.01374 6.637719 1639.2
539 43.56747 4.930341 1746.4
540 43.65597 4.930348 1736.9
541 63.04704 34.10305 955.57
542 64.73751 45.83542 906.68
543 60.76824 6.965189 1032.4
544 61.53974 8.106920 1004.9
545 59.51125 4.693700 1092.7
546 59.76853 4.693844 1084.2
547 51.97259 32.92344 1193.6
548 52.94113 44.05523 1132.5
549 50.43166 6.581967 1262.8
550 50.86487 7.410674 1231.9
551 49.68351 4.846055 1320
552 49.84018 4.846093 1311.2
553 45.55459 31.57107 1436.2
554 46.13602 42.13000 1361.9
555 44.89173 6.205467 1576.5
556 45.14003 6.806605 1541
557 44.558 4.911666 1655.6
558 44.65853 4.911677 1646
559 66.67185 34.26009 903.27
560 68.61734 46.20204 854.37
561 64.05962 7.004648 976.87
562 64.96765 8.257225 949.08
563 62.55677 4.607401 1037
564 62.85363 4.607633 1028.2
565 54.17863 33.25641 1115.2
566 55.30268 44.60635 1055.8
567 52.68823 6.656835 1213.7
568 53.20634 7.571528 1186.3
569 51.6845 4.802488 1263
570 51.86389 4.802549 1253.9
571 46.99535 32.00929 1353.2
572 47.66945 42.80560 1280.8
573 46.06696 6.306651 1466
574 46.37021 6.979267 1431
575 45.63147 4.890588 1544.2
576 45.74622 4.890606 1534.5
577 70.13567 34.31899 852.55
578 72.37817 46.45678 804.03
579 67.433 7.022979 930.01
580 68.47934 8.389516 901.64
581 65.68365 4.506637 990.59
582 66.02218 4.506966 981.33
583 56.48757 33.53581 1049.7
584 57.79028 45.10184 991.83
585 54.76222 6.733054 1146
586 55.36201 7.742411 1115.1
587 53.7969 4.751230 1214.2
588 54.00004 4.751318 1204.9
589 48.44473 32.41195 1266.1
590 49.36455 43.41859 1218.9
591 47.38388 6.404607 1374.3
592 47.74462 7.146172 1355.3
593 46.84122 4.865151 1451.3
594 46.97145 4.865180 1441.5
595 42.88848 35.73330 1966.3
596 42.9652 45.15361 1924.4
597 43.04812 15.87868 2032.6
598 43.17027 16.29229 2015.6
599 43.03481 14.99205 2063.5
600 43.14699 14.99206 2058.8
601 41.72745 34.04194 2430.4
602 41.73486 42.70306 2382.9
603 41.97695 15.56742 2508.2
604 42.07935 15.83649 2490
605 41.98956 14.99354 2540.8
606 42.0953 14.99354 2535.8
607 41.44168 32.48153 2964.4
608 41.41632 40.44293 2910.4
609 41.73022 15.36409 3054.4
610 41.82323 15.53894 3035
611 41.75286 14.99418 3088.9
612 41.85485 14.99418 3083.4
613 43.99494 36.32914 1678.5
614 44.18326 46.12151 1632.6
615 43.96993 15.99015 1748.6
616 44.10848 16.47775 1729.3
617 43.90901 14.98072 1783.2
618 44.01247 14.98073 1778
619 41.86867 34.67930 2098.4
620 41.91717 43.72283 2046.4
621 42.02277 15.65042 2181.3
622 42.11938 15.97318 2160.9
623 42.01193 14.98602 2217.7
624 42.10134 14.98602 2212.2
625 41.1185 33.13872 2576.6
626 41.11392 41.48524 2517.6
627 41.34907 15.42209 2673.3
628 41.43327 15.63552 2651.4
629 41.3566 14.98839 2712.1
630 41.44279 14.98839 2706
631 45.64489 36.85809 1458.8
632 45.98394 46.99153 1410
633 45.41402 16.09981 1530.9
634 45.60348 16.66718 1509.9
635 45.263 14.96591 1568.3
636 45.37162 14.96592 1562.7
637 42.42296 35.27116 1845.3
638 42.42921 44.67834 1825
639 42.45795 15.73887 1930.6
640 42.55978 16.12057 1908.3
641 42.42265 14.97715 1970.1
642 42.50538 14.97715 1964.2
643 41.13016 33.76305 2293.4
644 41.08153 42.47950 2280.4
645 41.29789 15.48804 2383
646 41.37478 15.74459 2359.3
647 41.29384 14.98232 2424.8
648 41.36791 14.98232 2418.4
649 47.60615 37.32108 1339.9
650 47.91343 47.77099 1325.5
651 47.28011 16.20363 1375.9
652 47.47259 16.85642 1369.2
653 47.06889 14.94615 1409.5
654 47.1661 14.94617 1407.1
655 43.22242 35.81869 1678.2
656 43.4533 45.56198 1619.3
657 43.11079 15.83100 1766.8
658 43.2446 16.27677 1742.2
659 43.02196 14.96657 1809.6
660 43.10508 14.96658 1803
661 41.29864 34.35213 2096.4
662 41.32485 43.41849 2048.1
663 41.39592 15.56029 2201.1
664 41.47332 15.86449 2182.4
665 41.39887 14.97548 2247.2
666 41.46717 14.97548 2239.9
667 49.98561 37.71173 1266.7
668 50.73988 48.44135 1213.7
669 49.25765 16.29770 1326.8
670 49.57822 17.04001 1301.3
671 48.97856 14.91988 1339.9
672 49.11053 14.91988 1332.9
673 44.27231 36.31548 1572.8
674 44.60751 46.37547 1515.8
675 44.161 15.92250 1614.3
676 44.30884 16.43725 1593.7
677 44.04026 14.95367 1647
678 44.06955 14.95362 1638.1
679 41.74574 34.90239 1907.6
680 41.80326 44.30111 1890.3
681 41.7392 15.63596 2005.6
682 41.8229 15.99230 1995.3
683 41.70498 14.96740 2050.2
684 41.76245 14.96740 2046.4
685 52.9552 38.01559 1155.4
686 53.96308 49.00402 1107.3
687 51.8874 16.37150 1217.9
688 52.3234 17.20855 1192.3
689 51.3491 14.88281 1262.4
690 51.51245 14.88285 1255.1
691 45.83964 36.74926 1462.4
692 46.3418 47.09630 1396.4
693 45.35485 16.01034 1521.5
694 45.58266 16.59868 1496.7
695 45.11875 14.93699 1559.4
696 45.22191 14.93700 1551.6
697 42.37663 35.41341 1780.9
698 42.60663 45.12061 1722.1
699 42.26648 15.71475 1853.9
700 42.37387 16.12771 1855.6
701 42.20671 14.95836 1890
702 42.27897 14.95836 1881.7
703 56.39724 38.23852 1090.1
704 57.57497 49.47085 1039
705 54.88553 16.42373 1131.2
706 55.42814 17.35959 1105.5
707 54.18595 14.83481 1175.8
708 54.37808 14.83488 1168.3
709 47.66031 37.12568 1329.8
710 48.34807 47.73419 1267.4
711 46.97578 16.08939 1420.4
712 47.27437 16.75555 1390.9
713 46.63016 14.91424 1472
714 46.74967 14.91425 1463.9
715 43.24579 35.87995 1658.3
716 43.61698 45.87664 1613.7
717 43.03639 15.79486 1756.5
718 43.20446 16.26810 1723.3
719 42.88109 14.94726 1804.1
720 42.96173 14.94726 1795.3
721 59.73924 38.41038 1011.7
722 61.16348 49.86822 962.12
723 58.16597 16.44923 1075.4
724 58.82335 17.48892 1049.4
725 57.2997 14.77417 1120.4
726 57.52363 14.77427 1112.6
727 49.70968 37.44270 1237.2
728 50.53171 48.29972 1176.4
729 48.75992 16.16019 1307.8
730 49.12954 16.90795 1278.4
731 48.35181 14.88606 1360.2
732 48.49079 14.88609 1352
733 44.37649 36.29996 1544.8
734 44.82029 46.57390 1467.1
735 43.97282 15.87024 1659.6
736 44.17654 16.40792 1625.4
737 43.74655 14.93229 1706.6
738 43.83652 14.93230 1697.5
739 63.28042 38.51806 949.17
740 64.98022 50.19209 900.72
741 61.38447 16.46201 1008.4
742 62.15846 17.60812 982.04
743 60.34118 14.70222 1053.4
744 60.59936 14.70235 1045.2
745 52.12102 37.69446 1184
746 53.08055 48.78120 1123.3
747 50.78187 16.21946 1229.4
748 51.22687 17.05280 1200.1
749 50.21423 14.85075 1280.3
750 50.37273 14.85079 1271.9
751 45.63174 36.67879 1422.4
752 46.21984 47.20302 1349.2
753 45.06293 15.94580 1530.5
754 45.31746 16.55167 1496.6
755 44.77253 14.91542 1589.5
756 44.87465 14.91543 1580.4
757 66.93842 38.57273 897.29
758 68.90136 50.44906 848.91
759 64.78202 16.45536 954.51
760 65.69331 17.71284 927.8
761 63.54022 14.61760 999.4
762 63.83786 14.61782 990.94
763 54.33531 37.91801 1106.2
764 55.46563 49.21745 1047.4
765 53.11002 16.25591 1185.1
766 53.62419 17.17841 1155.4
767 52.45134 14.80729 1236.8
768 52.63478 14.80738 1228.3
769 47.12081 37.00716 1341.4
770 47.7686 47.76149 1269.2
771 46.3133 16.01723 1423.6
772 46.6278 16.69488 1390.5
773 45.92502 14.89443 1481.3
774 46.04152 14.89445 1472.1
775 70.43559 38.53250 846.96
776 72.68666 50.59593 798.72
777 68.26988 16.42693 909.14
778 69.29733 17.79676 881.35
779 66.82227 14.51863 954.26
780 67.16401 14.51904 945.47
781 56.66669 38.09515 1041.3
782 57.97538 49.60316 983.98
783 55.24079 16.29598 1115.8
784 55.84436 17.31106 1086.3
785 54.43821 14.75779 1166.4
786 54.64249 14.75788 1157.6
787 48.55652 37.30169 1254.6
788 49.66398 48.24516 1232.2
789 47.70917 16.07937 1350.9
790 48.06897 16.83191 1317.7
791 47.21229 14.86866 1407.1
792 47.34409 14.86869 1397.8
